 
atomic weight ratios
   0001  1.000000      0001  1.000000
   1000  0.99931697    1001  0.99916732   1002  1.99679966   1003  2.99013994
   2000  3.96821760    2003  2.99012015   2004  3.96821894
   3000  6.88131188    3006  5.96344945   3007  6.95573316
   4000  8.93476310    4007  6.95665041   4009  8.93476310
   5000  10.7181562    5010  9.92692102   5011  10.9147302   5012  11.9111422
   6000  11.9078563    6012  11.8969142   6013  12.8916497   6014  13.8829473
   7000  13.8863986    7014  13.8827808   7015  14.8712507   7016  15.8686012
   8000  15.8618629    8016  15.8575105   8017  16.8531007   8018  17.8445389
                       8019  18.8403287
   9000  18.8351977    9018  17.8463008   9019  18.8351977
  10000  20.0066900    10020  19.8206954   10021  20.8134994   10022  21.8024688
  11000  22.7922764    11022  21.8054924   11023  22.7922764   11024  23.7848679
  12000  24.0962596    12023  22.7965941   12024  23.7789987   12025  24.7711965
                       12026  25.7593899   12027  26.7525321
  13000  26.7497539    13026  25.7636516   13027  26.7497539   13028  27.7415320
  14000  27.8442403    14027  26.7548758   14028  27.7365911   14029  28.7275725
                       14030  29.7162809   14031  30.7092698
  15000  30.7076818    15031  30.7076818   15032  31.6992346
  16000  31.7889394    16031  30.7134250   16032  31.6974150   16033  32.6882176
                       16034  33.6760663   16035  34.6686311   16036  35.6581061
                       16037  36.6535257
  17000  35.1481816    17034  33.6819108   17035  34.6684532   17036  35.6593217
                       17037  36.6483475   17038  37.6418469
  18000  39.6044909    18036  35.6585675   18037  36.6492133   18038  37.6366138
                       18039  38.6295910   18040  39.6190868   18041  40.6125958
                       18042  41.6025634   18043  42.5965747
  19000  38.7624279    19038  37.6429072   19039  38.6289896   19040  39.6206885
                       19041  40.6099439   19042  41.6019256   19043  42.5916623
                       19044  43.5839050   19045  44.5744654   19046  45.5671404
  20000  39.7337331    20039  38.6359403   20040  39.6192930   20041  40.6103924
                       20042  41.5981734   20043  42.5897301   20044  43.5778821
                       20045  44.5699904   20046  45.5589282   20047  46.5511840
                       20048  47.5405979   20049  48.5351202
  21000  44.5697171    21044  43.5817704   21045  44.5697171   21046  45.5603930
                       21047  46.5490640   21048  47.5403019
  22000  47.4671267    22045  44.5719122   22046  45.5578740   22047  46.5484253
                       22048  47.5360508   22049  48.5273847   22050  49.5157420
                       22051  50.5089598
  23000  50.5038596    23047  46.5515414   23048  47.5403213   23049  48.5280253
                       23050  49.5180923   23051  50.5063302   23052  51.4985487
                       23053  52.4895248   23054  53.4830182
  24000  51.5494654    24049  48.5308253   24050  49.5169887   24051  50.5071314
                       24052  51.4943176   24053  52.4858678   24054  53.4755236
                       24055  54.4688756   24056  55.4600879   24057  56.4545792
  25000  54.4661050    25051  50.5105455   25052  51.4993323   25053  52.4865032
                       25054  53.4769893   25055  54.4661050   25056  55.4583669
                       25057  56.4491598   25058  57.4422538
  26000  55.3670672    26053  52.4904863   26054  53.4762473   26055  54.4663513
                       26056  55.4544337   26057  56.4462959   26058  57.4356054
                       26059  58.4286012   26060  59.4192140   26061  60.4132731
  27000  58.4269353    27057  56.4471857   27058  57.4380612   27059  58.4269353
                       27060  59.4189615   27061  60.4090397   27062  61.4020105
                       27063  62.3929848   27064  63.3865737
  28000  58.1891568    28057  56.4506599   28058  57.4376551   28059  58.4280768
                       28060  59.4159560   28061  60.4076330   28062  61.3963541
                       28063  62.3890764   28064  63.3787972   28065  64.3723069
  29000  62.9997558    29062  61.4005562   29063  62.3890052   29064  63.3805800
                       29065  64.3700323   29066  65.3625119
  30000  64.8345785    30064  63.3799641   30066  65.3597000   30067  66.3521942
                       30068  67.3413400   30070  69.3246323   30072  71.3089747
  31000  69.1241164    31069  68.3334766   31071  70.3154273   31072  71.3084831
  32000  71.9677766    32070  69.3235670   32072  71.3042305   32073  72.2970113
                       32074  73.2861593   32076  75.2692009   32077  76.2627318
  33000  74.2779834    33072  71.3088668   33073  72.2973741   33074  73.2888865
                       33075  74.2779834   33077  76.2598575
  34000  78.2812872    34074  73.2874465   34076  75.2670311   34077  76.2591351
                       34078  77.2479619   34079  78.2405510   34080  79.2300000
                       34082  81.2129957
  35000  79.2171183    35079  78.2403907   35081  80.2211807   35082  81.2130927
  36000  83.0801410    36078  77.2510122   36080  79.2298574   36082  81.2098079
                       36083  82.2018631   36084  83.1906659   36085  84.1830853
                       36086  85.1725963
                       36087  86.1667212   36088  87.1592123   36089  88.1537834
  37000  84.7335543    37085  84.1823557   37086  85.1731409   37087  86.1625913
                       37088  87.1561111   37089  88.1484736
  38000  86.8639767    38084  83.1925676   38086  85.1712599   38087  86.1622897
                       38088  87.1504623   38089  88.1436933   38090  89.9077376
                       38091  90.1292427   38092  91.1214691
  39000  88.1421034    39086  85.1768370   39087  86.1642711   39088  87.1543179
                       39089  88.1421034   39090  89.1348052   39091  90.1263654
                       39092  91.1194042   39093  92.1114430
  40000  90.4399916    40088  87.1550345   40089  88.1451183   40090  89.1323785
                       40091  90.1247212   40092  91.1155311   40093  92.1083638
                       40094  93.0996148   40095  94.0927364   40096  95.0843769
                       40097  96.0784384
  41000  92.1082665    41091  90.1260552   41092  91.1176657   41093  92.1082665
                       41094  93.1005742   41095  94.0915392   41096  95.0842028
                       41097  96.0756094   41098  97.0692333   41100  99.0558700
  42000  95.1071951    42090  89.1415317   42091  90.1307745   42092  91.1172862
                       42093  92.1086974   42094  93.0983971   42095  94.0905541
                       42096  95.0808110   42097  96.0735511   42098  97.0643527
                       42099  98.0580462   42100  99.0492233   42101  100.043478
  43000  96.0740000    43097  96.0738920   43098  97.0661450   43099  98.0566017
  44000  100.201505    44096  95.0837047   44098  97.0642330   44099  98.0562891
                       44100  99.0459938   44101  100.038754   44102  101.028942
                       44103  102.022308   44104  103.012832   44105  104.006531
                       44106  104.997526
  45000  102.021496    45103  102.021496   45105  104.004501   45117  115.54464
  46000  105.501169    46102  101.030189   46104  103.011449   46105  104.003898
                       46106  104.993721   46107  105.986757   46108  106.976947
                       46109  107.970393   46110  108.961014
                       46112  110.945967   46119  117.52551
  47000  106.941511    47106  104.996877   47107  105.986726   47108  106.978989
                       47109  107.969211   47110  108.961963   47111  109.952561
  48000  111.445883    48106  104.996670   48108  106.977234   48110  108.958885
                       48111  109.951461   48112  110.941458   48113  111.934497
                       48114  112.924873   48115  113.918335   48116  114.909077
  49000  113.831545    49113  111.934160   49115  113.916798   49120  118.490609
                       49125  118.490609
  50000  117.691126    50112  110.943504   50114  112.924301   50115  113.916270
                       50116  114.906092   50117  115.898700   50118  116.888774
                       50119  117.881872   50120  118.872178   50121  119.865604
                       50122  120.856230   50123  121.849898   50124  122.840868
                       50125  123.834759   50126  124.826040
  51000  120.710837    51121  119.865195   51122  120.857944   51123  121.848409
                       51124  122.841519   51125  123.832248   51126  124.825639
                       51127  125.816716   51128  126.810357   51129  127.801751
  52000  126.492160    52120  118.873986   52122  120.855841   52123  121.848465
                       52124  122.838434   52125  123.831435   52126  124.821735
                       52127  125.815037   52128  126.805700   52129  126.905217
                       52130  128.790265   52131  129.783950   52132  130.775359
                       52134  132.761174
  53000  125.814297    53127  125.814297   53129  127.797631   53130  128.790710
                       53131  129.781575   53132  130.77483    53133  131.766058
                       53134  132.759525   53135  133.751107
  54000  130.165210    54124  122.841484   54126  124.822690   54128  126.804777
                       54129  127.797425   54130  128.787574   54131  129.780544
                       54132  130.771034   54133  131.764167   54134  132.755082
                       54135  133.748289   54136  134.739710   54137  135.735417
                       54138  136.729232
  55000  131.763724    55133  131.763724   55134  132.756390   55135  133.747064
                       55136  134.739796   55137  135.730985   55138  136.726282
  56000  136.147201    56130  128.790352   56132  130.771927   56134  132.754198
                       56135  133.746777   56136  134.737084   56137  135.729734
                       56138  136.720568   56139  137.715528   56140  138.708693
                       56141  139.703884   56142  140.697305
  57000  137.712181    57138  136.722418   57139  137.713075   57140  138.707573
                       57141  139.700450   57142  140.694961
  58000  138.911205    58136  134.739635   58138  136.721306   58140  138.703578
                       58141  139.697787   58142  140.690170   58143  141.684691
                       58144  142.677341
  59000  139.697182    59141  139.697182   59142  140.690952   59143  141.683133
                       59145  143.669613
  60000  143.003225    60142  140.688662   60143  141.682145   60144  142.673825
                       60145  143.667699   60146  144.659647   60147  145.654015
                       60148  146.646210   60150  148.632993
  61000  143.668000    61145  143.667873   61147  145.653061   61148  146.646785
                       61149  147.639048   61151  149.624710
  62000  149.068569    62144  142.675721   62147  145.652823   62148  146.644158
                       62149  147.637908   62150  148.629409   62151  149.623453
                       62152  150.614664   62153  151.608407   62154  152.599939
  63000  150.659117    63151  149.623371   63152  150.616659   63153  151.607558
                       63154  152.600702   63155  153.592026   63156  154.585267
                       63157  155.577343
  64000  155.901247    64150  148.630781   64151  149.623865   64152  150.614723
                       64153  151.608074   64154  152.598607   64155  153.591758
                       64156  154.582673   64157  155.575903   64158  156.567456
                       64159  157.561130   64160  158.553199   64161  159.547201
  65000  157.560097    65159  157.560097   65160  158.553311   65161  159.545113
  66000  161.101597    66156  154.584813   66158  156.567757   66160  158.551358
                       66161  159.544489   66162  160.535765   66163  161.529090
                       66164  162.520940
  67000  163.513487    67163  161.529093   67164  162.521990   67165  163.513487
                       67166  164.506842
  68000  165.818892    68162  160.537728   68164  162.520965   68166  164.504868
                       68167  165.498018   68168  166.489747   68170  168.475632
  69000  167.482984    69166  164.508103   69167  165.498814   69168  166.491534
                       69169  167.482984   69170  168.475967   69171  169.467999
                       69172  170.461362   69173  171.453965
  70000  171.547739    70168  166.491261   70170  168.474936   70171  169.467896
                       70172  170.459360   70173  171.452583   70174  172.444639
                       70176  174.431136
  71000  173.463668    71173  171.453297   71174  172.446101   71175  173.437942
                       71176  174.431249   71177  175.423722
  72000  176.953118    72174  172.445810   72175  173.438670   72176  174.429979
                       72177  175.423192   72178  176.415075   72179  177.408583
                       72180  178.400720   72181  179.394658   72183  181.381871
  73000  179.393446    73179  177.408701   73180  178.401629   73181  179.393565
                       73182  180.387112   73183  181.379732   73184  182.373755
                       73186  184.361076
  74000  182.269538    74179  177.409829   74180  178.400876   74181  179.393765
                       74182  180.385182   74183  181.378593   74184  182.370704
                       74185  183.364581   74186  184.356924   74187  185.351105
                       74188  186.343832
  75000  184.607099    75184  182.372283   75185  183.364120   75186  184.357543
                       75187  185.349710   75188  186.343461
  76000  188.605524    76184  182.372249   76186  184.356404   76187  185.349707
                       76188  186.341204   76189  187.334902   76190  188.326610
                       76192  190.312436
  77000  190.564824    77188  186.344194   77189  187.335469   77190  188.328738
                       77191  189.320147   77192  190.313550   77193  191.305278
                       77194  192.298821   77195  193.291124
  78000  193.404281    78190  188.328082   78192  190.311996   78193  191.305338
                       78194  192.296430   78195  193.289932   78196  194.281501
                       78197  195.275278   78198  196.267236   78199  197.261322
  79000  195.274513    79193  191.306476   79194  192.299082   79195  193.290173
                       79196  194.283103   79197  195.274513   79198  196.267582
                       79199  197.259510   79200  198.252872
  80000  198.875905    80196  194.282373   80198  196.266121   80199  197.259028
                       80200  198.250484   80201  199.243853   80202  200.235600
                       80203  201.229221   80204  202.221244
  81000  202.627565    81202  200.237052   81203  201.228698   81204  202.221614
                       81205  203.213582
  82000  205.436797    82202  200.237105   82203  201.229735   82204  202.220801
                       82205  203.213637   82206  204.205028   82207  205.197857
                       82208  206.190015   82209  207.185826   82210  208.180307
  83000  207.185140    83205  203.216519   83206  204.209027   83207  205.200409
                       83208  206.193080   83209  207.185140   83210  208.180239
  84000  207.205000    84205  203.220277   84206  204.210993   84207  205.203506
                       84208  206.194571   84209  207.187155   84210  208.179002
  85000  208.196000    85206  204.217074   85208  206.199876   85209  207.190866
                       85210  208.183240   85215  213.151698
  86000  220.111000    86211  209.178074   86218  216.132812   86219  217.128077
                       86220  218.121379   86222  220.110331
  87000  221.084000    87221  219.115626   87223  221.103883
  88000  224.084000    88222  220.108142   88223  221.102660   88224  222.095759
                       88225  223.090542   88226  224.083734   88227  225.078880
  89000  225.050000    89223  221.103283   89224  222.097253   89225  223.090162
                       89226  224.084416   89227  225.077468   89228  226.072117
  90000  230.044730    90227  225.077420   90228  226.069853   90229  227.064261
                       90230  228.057030   90231  229.051583   90232  230.044730
                       90233  231.039636   90234  232.033047
  91000  229.051000    91229  227.064591   91230  228.058424   91231  229.051168
                       91232  230.045257   91233  231.038311
  92000  235.984128    92229  227.065987   92230  228.057824   92231  229.051575
                       92232  230.043834   92233  231.037704   92234  232.030420
                       92235  233.024781   92236  234.017816   92237  235.012360
                       92238  236.005810   92239  237.000695   92240  237.994383
                       92241  238.989504
  93000  235.012000    93235  233.024913   93236  234.018805   93237  235.011808
                       93238  236.005967   93239  236.999350
  94000  241.968000    94236  234.018298   94237  235.012043   94238  236.004592
                       94239  236.998582   94240  237.991628   94241  238.986050
                       94242  239.979334   94243  240.973976   94244  241.967567
                       94245  242.962487   94246  243.956336
  95000  240.912000    95240  237.993096   95241  238.986027   95242  239.980134
                       95243  240.973357   95244  241.967648
  96000  244.878000    96241  238.986844   96242  239.979426   96243  240.973367
                       96244  241.966128   96245  242.960254   96246  243.953380
                       96247  244.947892   96248  245.941280
  97000  244.878000    97245  242.961116   97246  243.954817   97247  244.947844
                       97248  245.942011   97249  246.935305
  98000  248.844000    98249  246.935173   98250  247.928122   98251  248.922684
                       98252  249.916116
  99000  251.818000    99240  238.006611   99241  238.997765   99242  239.990202
                       99243  240.981544   99244  241.974280   99245  242.966035
                       99246  243.959078   99247  244.951167   99248  245.944369
                       99249  246.936717   99250  247.930357   99251  248.923084
                       99252  249.917457   99253  250.910696   99254  251.905276
                       99255  252.898917   99256  253.893623   99257  254.887399
 100000  254.792000